slew_rate = 3.267318e+07
power_average = 8.536972e-07
aol_dc_db = 3.778551e+01
bw3db = 3.940356e+05
ugbw = 2.722042e+07
gain_margin = -5.46168e+01
phase_margin = 8.515284e+01
